26.612853073	2166
27.464681954	2110
28.316410984	2086
29.168040163	2022
30.017372769	1972
30.868902097	1943
31.720331574	2021
32.5716612	1939
33.422890975	1861
34.271824177	1806
35.122954101	1871
35.974084025	1812
36.825014247	1804
37.675944469	1774
38.524478267	1707
39.375208787	1765
40.225939307	1743
41.076569976	1765
41.924804221	1815
42.775235188	1820
43.625566304	1915
44.47589742	2014
45.323832112	2091
46.174063377	2184
47.02409494	2287
47.87182993	2434
48.721761642	2572
49.571693354	2698
50.421425364	2890
51.268860801	3090
52.11849296	3373
52.968025268	3442
53.815261003	3769
54.66469346	3999
55.514026066	4172
56.361062099	4308
57.210195003	4480
58.059327907	4729
58.906064387	4827
59.75509744	4818
60.603930791	5083
61.450467569	5329
62.299201069	5625
63.145637996	5944
63.994171794	6144
64.842705592	6353
65.688942817	6608
66.537276913	6488
67.383314436	6035
68.231548681	5854
69.079683075	5841
69.925421045	6091
70.773455588	6281
71.619093707	6439
72.466928548	7357
73.312466816	8499
74.160201806	9466
75.007836945	10624
75.85307566	11029
76.700511097	11821
77.545649961	11313
78.392985547	9883
79.23802456	7932
80.085160444	6715
80.929999755	7309
81.777035788	6174
82.621775248	5907
83.468611579	5768
84.313151337	5702
85.159887817	5926
86.004327724	5506
86.850864502	5091
87.695104707	5019
88.541541634	4823
89.385681988	4689
90.231919213	4597
91.075859865	4419
91.919800517	4408
92.76583804	4263
93.60957899	4263
94.455516662	3959
95.29905791	3904
96.14479588	3907
96.988237277	3758
97.831578823	3735
98.677216942	3635
99.520358786	3588
100.365797203	3538
101.208839196	3532
102.05198104	3581
102.8967205	3470
103.73946294	3673
104.58220538	3527
105.42794335	3410
106.27068579	3449
107.11242972	3433
107.95716918	3366
108.79991162	3367
109.64265406	3503
110.48639501	3405
111.32913745	3477
112.17088138	3625
113.01562084	3660
113.85736477	3784
114.6991087	3863
115.54284965	3883
116.38459358	3871
117.22633751	3739
118.06808144	3215
118.91182239	3230
119.75356632	3200
120.59431174	3170
121.43605567	3154
122.27979662	3147
123.12054204	3152
123.96228597	3117
124.80303139	3145
125.64577383	3104
126.48651925	3131
127.32726467	3022
128.16801009	3030
129.01075253	3055
129.85149795	3036
130.69224337	3012
131.53298879	2983
132.3727357	3003
133.21348112	2952
134.05622356	2975
134.89597047	2976
135.73571738	2967
136.57546429	2975
137.41620971	2953
138.25595662	2956
139.09770055	2963
139.93744746	2967
140.77719437	3000
141.61694128	2991
142.45568968	3016
143.29543659	3081
144.13418499	3086
144.9739319	3068
145.8126803	3140
146.65442423	3074
147.49317263	3196
148.33192103	3164
149.17166794	3179
150.01041634	3149
150.84916474	3210
151.68691463	3198
152.52566303	3219
153.36441143	3226
154.20315983	3289
155.04090972	3273
155.87965812	3277
156.71740801	3257
157.55615641	3335
158.3939063	3389
159.23165619	3363
160.07040459	3329
160.90815448	3328
161.74590437	3377
162.58365426	3384
163.42140415	3265
164.25815553	3394
165.09590542	3461
165.93365531	3495
166.77040669	3486
167.60815658	3471
168.44490796	3524
169.28265785	3475
170.11940923	3580
170.95616061	3492
171.79291199	3590
172.62966337	3548
173.46641475	3559
174.30116911	3539
175.13792049	3607
175.97467187	3648
176.81042474	3631
177.64717612	3603
178.4839275	3637
179.31968037	3663
180.15643175	3721
180.99218462	3743
181.82594047	3697
182.66169334	3745
183.49744621	3786
184.33319908	3830.71693986033
185.16895195	3915
186.00470482	3769
186.83846067	3885
187.67421354	3933
188.5089679	3874
189.34472077	3994
190.17947513	3969
191.015228	3965
191.84798534	4046
192.6827397	4037
193.51849257	4034
194.35324693	4090
195.18600427	4107
196.02075863	4110
196.85551299	4192
197.69026735	4140
198.52202618	4115
199.35678054	4154
200.1915349	4091
201.02529075	4283
201.85804809	4388
202.69180394	4317
203.52555979	4352
204.36031415	4525
205.19207298	4455
206.02582883	4441
206.85958468	4410
207.69134351	4493
208.52509936	4560.47094436119
209.35885521	4523
210.18961553	4638.34705684822
211.02337138	4686.1346713289
211.85712723	4687
212.68788755	4704
213.52064489	4686
214.35440074	4651
215.18516106	4739
216.0179184	4873
216.85067574	4949
217.68143606	4923
218.5141934	4994
219.34495372	5068
220.17771106	5071
221.0104684	5267
221.84122872	5448
222.67298755	5423
223.50374787	5588
224.3355067	5729
225.16626702	6167
225.99802585	5983
226.82978468	6260
227.65954649	6156
228.49230383	6398
229.32206564	6535
230.15382447	6628
230.98258777	6767
231.8143466	6759
232.64410841	7203
233.47586724	7169
234.30463054	7062
235.13638937	7370
235.96515267	7342
236.7969115	7505.44426600338
237.6256748	7857
238.45643512	7507
239.28519842	7700
240.11595874	7869
240.94472204	7506
241.77548236	7946
242.60424566	7959
243.43500598	8020
244.26376928	8169
245.09153407	8009.68316601925
245.92229439	8131
246.75005918	8143
247.5808195	8170
248.40858429	8085
249.23634908	8085.66437013123
250.0671094	8078
250.89487419	7890
251.724636	7795
252.55240079	7705
253.37916707	7650.49929203534
254.20892888	7469
255.03669367	7496
255.86645548	7255
256.69322176	7335
257.52098655	7109
258.35074836	7051
259.17751464	7225
260.00428092	7114
260.83404273	7018
261.66080901	7178
262.48757529	7168
263.31434157	7116
264.14310487	7125.6600909931
264.96987115	7046
265.79563892	7075
266.62440222	7243
267.4511685	7177
268.27693627	7279
269.10370255	7245
269.93146734	7276
270.75823362	7513
271.58400139	7309
272.40976916	7386
273.23753395	7659.70913495801
274.06330172	7632
274.88906949	7744.98631419152
275.71483726	7786.87597383521
276.56425880658	7759.64769506681
278.272930173238	7736.73653016841
278.19413759	7678
279.01890685	7777
279.84467462	7799
280.67243941	7732
281.49720867	7838
282.32197793	7765
283.14674719	7831
283.97251496	7841
284.79728422	7654
285.6240505	7762.19804846738
286.44881976	7781.29418719161
287.27358902	7754
288.09835828	7686
288.92212903	7789
289.74689829	7682
290.57166755	7673.08273442098
291.3954383	7806
292.22220458	7606
293.04597533	7644
293.87074459	7442
294.69451534	7528
295.51828609	7767
296.34205684	7498
297.16582759	7611
297.98959834	7783
298.81336909	7578
299.63713984	7602
300.46091059	7500
301.28368283	7435
302.10745358	7385
302.93022582	7585
303.75399657	7454
304.57676881	7508
305.39954105	7276
306.2233118	7296
307.04608404	7475
307.86885628	7319
308.69162852	7431
309.51440076	7635
310.337173	7458
311.15994524	7488
311.98171897	7640
312.80449121	7566
312.838842243242	7433.32010377233
314.44903718	7276
315.27180942	7307
316.09358315	7404
316.91535688	7318
317.73812912	7386.64065355755
318.55990285	7269.9420280206
319.38167658	7342
320.20345031	7454
320.37871541432	7337.83941015119
321.84500075	7300
322.66577597	7294
323.4875497	7232
324.30932343	7317
325.13109716	7329
325.95187238	7393
326.77364611	7301
327.59442133	7316
328.41319953	7424.83293100601
329.23397475	7471.51238122079
330.05574848	7490.60851994502
330.8765237	7501.21748590292
331.69729892	7522.43541781873
332.51807414	7560.62769526719
332.227087540298	7562.74948845877
333.891734863783	7501.21748590292
333.010450986644	7526.6790042019
335.79817949	7516.07003824399
336.6179562	7454
337.4367344	7351
338.25651111	7391
339.07628782	7298
339.89706304	7373
340.71484273	7431
341.53461944	7304
342.35439615	7428
343.17417286	7164
343.99195255	7377
344.81172926	7140
345.63150597	7270
346.44828715	7243
347.26806386	7135
348.08784057	7218
348.90661877	7026
349.72439846	7010
350.54317666	7124.50255827175
351.36195486	7168.84593519045
352.17873604	7206
352.99851275	6823
353.81729095	6953
354.63407213	6947
355.45285033	7033
356.27063002	6793
357.0874112	6992
357.9061894	6947
358.7249676	6815
359.54075027	6674
360.35952847	6876
361.17531114	6785
361.99309083	6666
362.81186903	6856
363.6276517	6768
364.44543139	6652
365.26121406	6745.8591097001
366.07899375	6711
366.89477642	6658
367.71255611	6688
368.5303358	6700
369.34511996	6675
370.16289965	6711
370.97768381	6651
371.7954635	6451
372.61024766	6554.89772245782
373.42802735	6523
374.24281151	6488
375.05959269	6426
375.87437685	6420
376.69215654	6370
377.50594219	6183
378.32272337	6267
379.13750753	6313
379.95428871	6246
380.76907287	6234
381.58485554	6163
382.3996397	6208
383.21342535	6163
384.03020653	6147
384.84399218	6003
385.66077336	6034.80734667257
386.47455901	6069
387.29034168	5924
388.10412733	5830
388.91791298	6025
389.73369565	5935.69229441634
390.5474813	5998
391.36326397	5813
392.17605111	5770
392.98983676	5888
395.098664399334	5845.37007919314
394.61840657	5795
395.43119371	5888
396.24697638	5574
397.05976352	5709
397.87255066	5657
398.68733482	5628
399.50012196	5624
400.3129091	5483
401.12769326	5548
401.9404804	5516
402.75326754	5449
403.5680517	5552
404.37984033	5392
405.19262747	5373
406.0044161	5441
406.81920026	5297
407.63098889	5318
408.44277752	5256
409.25756168	5241
410.06935031	5285
410.88113894	5206
411.69292757	5117
412.5047162	5121
413.31850185	5079
414.13029048	4962
414.9410806	5008
415.75286923	4903
416.56365935	4771
417.377445	4753
418.18823512	4804
419.00002375	4767
419.81081387	4674
420.62160399	4616
421.43538964	4652
422.24617976	4548
423.05696988	4422
423.86776	4564
424.67755161	4306
425.48834173	4436.5771290409
426.29913185	4427
427.10992197	4303
427.9217106	4313
428.73250072	4181
429.54229233	4235.95002845756
430.35308245	4100
431.16287406	4098
431.97266567	4053
432.78245728	3989
433.59224889	3968
434.4020405	3920
435.21183211	3883
436.02162372	3870
436.83141533	3788
437.64120694	3837
438.45000004	3712
439.25979165	3795
440.06958326	3676
440.87837636	3607
441.68716946	3614
442.49696107	3623
443.30575417	3617
444.11454727	3561
444.92334037	3503
445.73213347	3500
446.54092657	3400
447.34971967	3412
448.15851277	3423
448.96730587	3310
449.77609897	3284
450.58389356	3300
451.39268666	3258
452.20048125	3243
453.00927435	3141
453.81706894	3215
454.62486353	3195
455.43365663	3146
456.23845569	3091
457.04724879	3105
457.85504338	3087
458.66183946	3075
459.46963405	3034
460.27742864	3015
461.08522323	2994
461.89301782	2974
462.69781688	2918
463.50561147	2915
464.31240755	2875
465.11920363	2862
465.92699822	2851
466.7337943	2841
467.53859336	2816
468.34538944	2777
469.15218552	2781
469.9589816	2737
470.76378066	2742
471.57057674	2702
472.37637431	2685
473.18317039	2642
473.98996647	2672
474.79376702	2620
475.6005631	2604
476.40636067	2578
477.21016122	2588
478.0169573	2564
478.82275487	2539
479.62855244	2509
480.43235299	2501
481.23815056	2483
482.04394813	2464
482.84675017	2472
483.65254774	2429
484.45834531	2395
485.26114735	2388
486.06694492	2387
486.87274249	2363
487.67554453	2360
488.48034359	2351
489.28614116	2327
490.0889432	2325
490.89374226	2313
491.69854132	2291
492.50134336	2274
493.30614242	2261
494.10894446	2269
494.91274501	2241
495.71754407	2226
496.52034611	2244
497.32414666	2190
498.1269487	2199
498.93074925	2167
499.73355129	2164
500.53735184	2239
501.33915537	2132
502.14295592	2134
502.94475945	2103
503.74856	2091
504.55236055	2098
505.35416408	2055
506.15796463	2090
506.95976816	2078
507.7625702	2060
508.56437373	2084
509.36517875	2023
510.1689793	2015
510.96978432	2031
511.77358487	2012
512.57438989	2022
513.37719193	1989
514.17799695	1977
514.98079899	1970
515.78160401	1955
516.58240903	1958
517.38521107	1935
518.18601609	1951
518.98781962	1927
519.78862464	1946
520.58843115	1934
521.39123319	1914
522.1910397	1903
522.99384174	1906
523.79364825	1892
524.59345476	1898
525.39525829	1883
526.1950648	1885
526.99487131	1886
527.79667484	1873
528.59648135	1872
529.39628786	1871
530.19809139	1862
530.99689939	1871
531.7967059	1891
532.5955139	1871
533.39731743	1847
534.19612543	1850
534.99593194	1860
535.79673696	1835
536.59554496	1852
537.39435296	1823
538.19316096	1827
538.99396598	1806
539.79277398	1826
540.59158198	1814
541.39038998	1812
542.18819947	1814
542.98900449	1819
543.78681398	1812
544.58562198	1794
545.38343147	1791
546.18223947	1782
546.98204598	1798
547.77985547	1791
548.57766496	1794
549.37547445	1778
550.17328394	1782
550.97109343	1779
551.77089994	1792.23879400701
552.56870943	1779
553.36651892	1767
554.1633299	1790
554.96113939	1779
555.75795037	1767
556.55575986	1783
557.35257084	1762
558.14938182	1761
558.94719131	1775
559.74400229	1780
560.54281029	1768
561.33962127	1767
562.13643225	1754
562.93324323	1757
563.73005421	1773
564.52686519	1762
565.32267766	1763
566.11948864	1766
566.91530111	1746
567.71211209	1775
568.50792456	1762
569.30473554	1770
570.10054801	1767
570.89636048	1765.79830974044
571.69217295	1771
572.48798542	1766
573.28379789	1779
574.07961036	1788
574.87542283	1765.79830974044
575.6712353	1773
576.46505075	1779
577.25986471	1769
578.05567718	1766
578.85049114	1799
579.64630361	1777
580.44111757	1795
581.23693004	1766
582.031744	1769
582.82655796	1798
583.62137192	1786
584.41418886	1783
585.20900282	1790
586.00381678	1810
586.79863074	1822
587.5934447	1810
588.38825866	1818
589.18007709	1812
589.97489105	1842
590.7687065	1868
591.56352046	1845
592.35733591	1866
593.15115136	1879
593.9439683	1878
594.73778375	1907
595.5315992	1924
596.32541465	1927
597.11723308	1927
597.91104853	1945
598.70486398	1972
599.49768092	1971
600.28949935	2017
601.0833148	2025
601.87613174	2050
602.66994719	2060
603.46076711	2085
604.25358405	2087
605.0473995	2125
605.83821942	2197
606.63103636	2199
607.4238533	2208
608.21467322	2210
609.00749016	2208
609.8003071	2230
610.59112702	2297
611.38294545	2288
612.17576239	2337
612.96658231	2333
613.75840074	2327.21008273539
614.54922066	2341
615.34103909	2360
616.13285752	2360
616.92367744	2369
617.71549587	2397
618.50531728	2397
619.29713571	2363
620.08895414	2383
620.87877555	2345
621.67059398	2387
622.46041539	2377
623.25123531	2375
624.04105672	2357
624.83287515	2355
625.62169805	2319
626.41351648	2337
627.20233938	2334
627.9931593	2300
628.7819822	2299
629.57380063	2286
630.36262353	2306
631.15344345	2285
631.94226635	2306
632.73308627	2282
633.52091066	2273
634.31173058	2287
635.10055348	2265
635.8913734	2290
636.67919779	2295
637.46802069	2262
638.2578421	2273
639.04566649	2262
639.83648641	2273
640.6243108	2263
641.41213519	2274
642.2019566	2292
642.98978099	2271
643.7796024	2303
644.56742679	2267
645.35525118	2279
646.14507259	2267
646.93189847	2282
647.71972286	2272
648.50954427	2279
649.29637015	2281
650.08419454	2289
650.87301744	2263
651.65984332	2283
652.4466692	2260
653.23349508	2292
654.02331649	2284
654.81014237	2313
655.59696825	2332
656.38579115	2299
657.17161852	2332
657.9584444	2349.31244527858
658.74527028	2332
659.53309467	2341.10677774758
660.31992055	2356
661.10574792	2346
661.8925738	2339
662.67840117	2343
663.46622556	2365
664.25305144	2329
665.03887881	2369
665.82470618	2351
666.61053355	2374
667.39835794	2378
668.18418531	2347
668.97001268	2364
669.75484154	2345
670.54066891	2347
671.32649628	2361
672.11132514	2351
672.89715251	2364
673.68397839	2365.72378034059
674.46880725	2360
675.25463462	2346
676.03946348	2350
676.82429234	2359
677.6091212	2367
678.39395006	2355
679.17877892	2368.45900285093
679.96360778	2347
680.74843664	2384
681.53226699	2390
682.31709585	2332
683.10192471	2348
683.88575506	2339
684.67058392	2355
685.45441427	2335
686.23824462	2342
687.02307348	2309
687.80690383	2316
688.59073418	2311
689.37456453	2281
690.15839488	2285
690.94222523	2282
691.72605558	2263
692.50988593	2247
693.29271777	2274
694.07654812	2264
694.86037847	2266
695.64321031	2205
696.42704066	2207
697.2098725	2212
697.99370285	2202
698.77653469	2220
699.55736951	2211
700.34020135	2183
701.12303319	2203
701.90586503	2228
702.68869687	2180
703.47152871	2223
704.25436055	2199
705.03419686	2183
705.8170287	2186
703.55078866	2226
704.33704718	2212
705.12430349	2211
705.91056201	2183
706.69682053	2201
707.48208126	2227
708.26833978	2204
709.0545983	2212.02387720296
709.84085682	2219
710.62611755	2192
711.41237607	2207
712.19863459	2198.8345650938
712.98389532	2195
713.76915605	2226
714.55541457	2196
715.3406753	2197
716.12593603	2225
716.91119676	2183
717.69645749	2219
718.48171822	2205
719.26697895	2204
720.05223968	2165
720.83550483	2185
721.61976777	2165
722.4050285	2178
723.19028923	2176
723.97455217	2155
724.7598129	2158
725.54407584	2131
726.32833878	2141
727.11060614	2134
727.89586687	2142
728.68012981	2129
729.46439275	2107
730.24865569	2116
731.03291863	2136
731.8141882	2097
732.59845114	2091
733.38271408	2064
734.16697702	2079
734.95024217	2077
735.73450511	2060
736.51577468	2067
737.29903983	2029
738.08330277	2010
738.86656792	1992
739.64783749	1990
740.43110264	1983
741.21436779	1968
741.99763294	1964
742.77890251	1928
743.56216766	1944
744.34543281	1927
745.12869796	1957
745.90896974	1895
746.69223489	1915
747.47450225	1907
748.25477403	1912
749.03803918	1883
749.82030654	1887
750.60357169	1863
751.38384347	1867
752.16611083	1857
752.94837819	1847
753.72864997	1853
754.51091733	1844
755.29318469	1827
756.07245868	1816
756.85472604	1805
757.63499782	1810
758.41626739	1805
759.19853475	1784
759.97780874	1773
760.7600761	1778
761.54134567	1757
762.32061966	1756
763.10188923	1761
763.88116322	1737
764.66243279	1759
765.44170678	1741
766.22297635	1726
767.00424592	1715
767.78351991	1706
768.56478948	1715
769.34306568	1700
770.12433525	1695
770.90261145	1693
771.68388102	1696
772.46215722	1692
773.242429	1669
774.02170299	1669
774.80197477	1676
775.58025097	1649
776.36052275	1658
777.13879895	1655
777.91907073	1645
778.69734693	1660
779.47761871	1628
780.25489712	1639
781.0351689	1629
781.8134451	1641
782.59271909	1632
783.3699975	1622
784.15026928	1633
784.92754769	1632
785.7048261	1607
786.48509788	1616
787.26237629	1613
788.04165028	1620
788.81892869	1613
789.5962071	1610
790.37548109	1609
791.15176171	1589
791.9310357	1610
792.70831411	1597
793.48459473	1596.21944286526
796.139747995418	1570.29562251279
795.04014934	1584
795.81742775	1577
796.59570395	1573
797.37198457	1582
798.14926298	1578
798.92753918	1564
799.7038198	1541
800.48010042	1554
801.25837662	1549
802.03465724	1559
802.80994007	1541
803.58821627	1556
804.36449689	1545
805.13977972	1529
805.91606034	1517
806.69433654	1538
807.46961937	1524.36043206367
808.2449022	1509
809.02018503	1532
809.79846123	1529
810.57374406	1515
811.34902689	1505
812.12430972	1509
812.90158813	1508
813.67687096	1504
814.45215379	1489
815.22643883	1504
816.00172166	1492
816.77900007	1477
817.55328511	1484
818.32856794	1480
819.10285298	1477
819.87813581	1471
820.65441643	1483
821.42870147	1469
822.20298651	1471
822.97727155	1467
823.75155659	1469
824.52584163	1465
825.30012667	1460
826.07441171	1451
826.85069233	1449
827.62497737	1454
828.39826462	1452
829.17254966	1445
829.94583691	1445
830.72012195	1447
831.4934092	1436
832.26669645	1430
833.04098149	1436
833.81426874	1431
834.58755599	1437
835.36084324	1433
836.13612607	1424
836.90941332	1425
837.68270057	1402
838.45598782	1411
839.22827728	1418
840.00156453	1416
840.77485178	1408
841.54714124	1411
842.32042849	1407
843.09271795	1402
843.86500741	1410
844.63829466	1405
845.41058412	1386
846.18287358	1397
846.95316746	1401
847.72545692	1397
848.49774638	1408
849.27003584	1393.83172256964
850.0423253	1399
850.81461476	1389
851.58590643	1393
852.35819589	1382
853.12948756	1384
853.90177702	1381
854.67306869	1388
855.44535815	1379
856.21664982	1379
856.98594591	1373
857.75723758	1369
858.52952704	1370
859.30081871	1383
860.07211038	1375
860.84240426	1377
861.61369593	1371
862.38299202	1365
863.15428369	1365
863.92457757	1365
864.69586924	1359
865.46716091	1363
866.23745479	1359
867.00575309	1362
867.77704476	1360
868.54733864	1357
869.31763252	1360
870.08593082	1354
870.8562247	1354
871.62651858	1354
872.39681246	1340
873.16710634	1340
873.93540464	1347
874.70569852	1351
875.47499461	1343
876.24329291	1349
877.012589	1342
877.78288288	1338
878.55217897	1349
879.32047727	1339
880.08977336	1341
880.85906945	1333
881.62636996	1335
882.39666384	1332
883.16595993	1327
883.93226265	1325
884.70155874	1332
885.47085483	1333
886.23815534	1328
887.00745143	1325
887.77574973	1324
888.54305024	1322
889.31234633	1333
890.08064463	1327
890.84694735	1325
891.61624344	1323
892.38254616	1321
893.15084446	1328
893.91914276	1312
894.68544548	1320
895.45374378	1325
896.2200465	1331
896.9883448	1325
897.75464752	1319
898.52294582	1318
899.29024633	1323
900.05654905	1314
900.82384956	1321
901.59015228	1323
902.35745279	1318
903.12375551	1312
903.89105602	1312
904.65636095	1320
905.42366146	1317
906.18896639	1312
906.95726469	1305
907.72256962	1311
908.48887234	1306
909.25417727	1313
910.02147778	1313
910.78678271	1308
911.55308543	1318
912.31839036	1307
913.0826975	1313
913.84999801	1308
914.61430515	1307
915.38160566	1309
916.1459128	1311
916.91021994	1306
917.67652266	1308
918.4408298	1308
919.20713252	1304
919.97143966	1293
920.7357468	1306
921.50204952	1299
922.26635666	1304
923.03166159	1301
923.79596873	1304
924.56027587	1296
925.3255808	1304
926.08988794	1299
926.85319729	1300
927.61850222	1304
928.38181157	1292
929.14611871	1305
929.90942806	1298
930.67473299	1296
931.43804234	1299
932.20135169	1300
932.96665662	1293
933.72896818	1292
934.49227753	1288
935.25558688	1290
936.01989402	1287
936.78320337	1284
937.54551493	1296
938.30882428	1290
939.07313142	1291
939.83544298	1277
940.59875233	1283
941.36106389	1287
942.12337545	1306
942.88768259	1283
943.64999415	1281
944.41230571	1284
945.17361948	1282
945.93593104	1285
946.6982426	1271
947.46254974	1279
948.22386351	1281
948.98617507	1285
949.74748884	1279
950.5098004	1287
951.27111417	1277
952.03242794	1276
952.79573729	1272
953.55804885	1276
954.31936262	1276
955.08067639	1277
955.84199016	1275
956.60230614	1277
957.36361991	1280
958.12493368	1283
958.88624745	1281
959.64656343	1284
960.4078772	1279
961.16819318	1268
961.92950695	1278
962.68982293	1272
963.45013891	1280
964.21344826	1277
964.97376424	1285
965.73408022	1283
966.4943962	1275
967.25471218	1281
968.01502816	1287
968.77534414	1272
969.53366454	1273
970.29298273	1289
971.05329871	1282
971.81361469	1273
972.57293288	1275
973.33324886	1288
974.09256705	1274
974.85188524	1289
975.61220122	1281
976.37151941	1299
977.1308376	1283
977.89015579	1296
978.64947398	1289
979.40879217	1275
980.16611478	1297
980.92543297	1282
981.68475116	1291
982.44406935	1287
983.20238975	1298
983.96170794	1292.86526435475
984.72002834	1291
985.47735095	1293
986.23567135	1292
986.99498954	1301
987.75330994	1297
988.51163034	1297.86810687891
990.28636884307	1302.87094940307
990.02627556	1296.50369528141
990.78459596	1301.50653780557
991.54291636	1300.14212620807
992.30123676	1304.23536100057
993.05955716	1292
993.81588198	1291
994.57420238	1298
995.33152499	1300
996.08984539	1293
996.84517242	1307
997.60349282	1300
998.36081543	1302
999.11913583	1303
999.87446286	1309
1000.63178547	1311
1001.3871125	1287
1002.16494845361	1306.96418419557
1002.9037533	1312
1003.6620737	1305
1004.4104162	1313
1005.1687366	1317
1005.927057	1317
1006.6853774	1299
1007.4436978	1322
1008.2020182	1313
1008.9503607	1319
1009.7086811	1320
1010.4670015	1313
1011.2253219	1307
1011.9736644	1322
1012.7319848	1311
1013.4903052	1322
1014.2486256	1304
1014.9969681	1321
1015.7552885	1309
1016.5136089	1327
1017.2619514	1316
1018.0202718	1311
1018.7785922	1314
1019.5269347	1320
1020.2852551	1321
1021.0435755	1317
1021.791918	1324
1022.5502384	1320
1023.3085588	1324
1024.0569013	1324
1024.8152217	1321
1025.5735421	1324
1026.3218846	1324
1027.080205	1325
1027.8285475	1317
1028.5868679	1315
1029.3352104	1320
1030.0935308	1320
1030.8518512	1322
1031.6001937	1325
1032.3585141	1313
1033.1068566	1319
1033.865177	1319
1034.6135195	1324
1035.3718399	1319.69869243889
1036.1201824	1320
1036.8785028	1324
1037.6268453	1320
1038.3851657	1317
1039.1335082	1317
1039.8918286	1322
1040.6401711	1306.0545764639
1041.3984915	1324
1042.146834	1323
1042.9051544	1305
1043.6534969	1321.06310403638
1044.4018394	1311.51222285389
1045.1601598	1311.51222285389
1045.9085023	1311
1046.6668227	1312
1047.4151652	1312.87663445139
1049.0950744559	1318.78908470722
1048.9218281	1308
1049.6701706	1308
1050.428491	1301
1051.1768335	1298
1051.925176	1298
1052.6834964	1302
1053.4318389	1296
1054.1801814	1300
1054.9385018	1296
1055.6868443	1293
1056.4351868	1295
1057.1935072	1296
1057.9418497	1299
1058.6901922	1284
1059.4385347	1288
1060.1968551	1286
1060.9451976	1282
1061.6935401	1282
1062.4518605	1283
1063.200203	1300
1063.9485455	1283.76918703809
1064.696888	1301
1065.4452305	1279
1066.193573	1279
1066.9518934	1274
1067.7002359	1273
1068.4485784	1277
1069.1969209	1273
1069.9452634	1271
1070.7035838	1274
1071.4519263	1273
1072.2002688	1261
1072.9486113	1267
1073.6969538	1266
1074.4452963	1262
1075.2036167	1266
1075.9519592	1261
1076.7003017	1261
1077.4486442	1261
1078.1969867	1258
1078.9453292	1261
1079.6936717	1253
1080.4420142	1256
1081.1903567	1252
1081.9386992	1245
1082.6870417	1258
1083.4353842	1253
1084.1837267	1245
1084.9320692	1241
1085.6804117	1249
1086.4287542	1241
1087.1770967	1239
1087.9254392	1238
1088.6737817	1238
1089.4221242	1241
1090.1704667	1236
1090.9188092	1234
1091.6671517	1229
1092.4154942	1231
1093.1638367	1237
1093.9121792	1228
1094.6605217	1227
1095.4088642	1224
1096.1572067	1225
1096.9055492	1221
1097.6538917	1223
1098.3922563	1228
1099.1405988	1227.82831154065
1099.8889413	1229
1100.6372838	1213
1101.3856263	1221
1102.1339688	1212
1102.8823113	1216
1103.6206759	1216
1104.3690184	1212
1105.1173609	1216
1105.8657034	1221
1107.70904925544	1223.28027288232
1107.3524105	1218.73223422399
1108.100753	1213
1108.8490955	1211
1109.597438	1233
1110.3457805	1215.09380329733
1111.0841451	1208
1111.8324876	1209
1112.5808301	1210
1113.3291726	1207
1114.0675372	1205
1114.8158797	1205
1115.5642222	1210
1116.3025868	1207
1117.0509293	1199
1117.7992718	1201
1118.5376364	1208
1119.2859789	1208
1120.0343214	1206
1120.772686	1209
1121.5210285	1205
1122.269371	1205
1123.0077356	1208
1123.7560781	1203
1124.5044206	1204
1125.2427852	1207
1125.9911277	1204
1126.7394702	1212
1127.4778348	1204
1128.2261773	1197
1128.9645419	1196
1129.7128844	1197
1130.451249	1200
1131.1995915	1199
1131.947934	1197
1132.6862986	1197
1133.4346411	1202
1134.1730057	1200
1134.9213482	1203
1135.6597128	1200
1136.4080553	1196
1137.1464199	1205
1137.8947624	1194
1138.633127	1195
1139.3814695	1197
1140.1198341	1200
1140.8681766	1196
1141.6065412	1200
1142.3449058	1198
1143.0932483	1199
1143.8316129	1193
1144.5799554	1197
1145.31832	1197
1146.0666625	1193
1146.8050271	1195
1147.5433917	1197.35645252985
1148.2917342	1200.54007959068
1149.0300988	1200
1149.7684634	1189
1150.5168059	1193
1151.2551705	1197
1152.003513	1197
1152.7418776	1189
1153.4802422	1193
1154.2186068	1192
1154.9669493	1197
1155.7053139	1194
1156.4436785	1193
1157.192021	1192
1157.9303856	1201
1158.6687502	1192
1159.4170927	1190
1160.1554573	1193
1160.8938219	1191
1161.6321865	1191
1162.380529	1191
1163.1188936	1183
1163.8572582	1188
1164.5956228	1191
1165.3439653	1196
1166.0823299	1200
1166.8206945	1185
1167.5590591	1197
1168.2974237	1189
1169.0357883	1197
1169.7841308	1185
1170.5224954	1181
1171.26086	1192
1171.9992246	1191
1172.7375892	1193
1173.4759538	1192
1174.2143184	1187
1174.9626609	1189
1175.7010255	1188
1176.4393901	1183
1177.1777547	1192
1177.9161193	1185
1178.6544839	1189
1179.3928485	1186
1180.1312131	1190
1180.8695777	1189
1181.6079423	1188
1182.3463069	1189
1183.0846715	1192
1183.8230361	1196
1184.5614007	1185
1185.2997653	1186
1185.816834	1181
1186.555872	1184
1187.304897	1188
1188.043935	1183
1188.782973	1184
1189.531998	1185
1190.271036	1185
1191.010074	1188.8345650938
1191.759099	1186
1192.498137	1184
1193.237175	1191
1193.9862	1189
1194.725238	1188
1195.464276	1188
1196.203314	1192
1196.952339	1193
1197.691377	1195
1198.430415	1191
1199.169453	1189
1199.918478	1192
1200.657516	1193
1201.396554	1191
1202.135592	1189
1202.884617	1188
1203.623655	1194
1204.362693	1193.36839113132
1207.0332187858	1192.21148379761
1205.840769	1190
1206.589794	1193.58726549176
1207.328832	1193.24332006822
1208.06787	1194.0562819784
1210.1489117984	1192.77430358158
1209.545946	1191.02330869812
1210.284984	1191.24218305856
1211.024022	1191.46105741899
1211.76306	1189
1212.512085	1189.92893689596
1213.251123	1193
1213.990161	1192
1214.729199	1191
1215.468237	1191
1216.207275	1185
1216.946313	1193
1217.685351	1193
1218.424389	1191
1219.163427	1185
1219.902465	1188
1220.641503	1189
1221.380541	1192
1222.129566	1188
1222.868604	1192
1223.607642	1194
1224.34668	1191
1225.085718	1192
1225.814769	1190
1226.563794	1188
1227.302832	1195
1228.031883	1187
1228.770921	1194
1229.509959	1189
1230.248997	1191
1230.988035	1184
1231.727073	1185
1232.466111	1191
1233.205149	1191
1233.944187	1193
1234.683225	1192
1235.422263	1194
1236.161301	1191
1236.900339	1186
1237.62939	1189
1238.368428	1185
1239.107466	1191
1239.846504	1189
1240.585542	1191
1241.32458	1187
1242.063618	1193
1242.792669	1184
1243.531707	1192
1244.270745	1189
1245.009783	1194
1245.738834	1193
1246.477872	1191
1247.21691	1186
1247.955948	1188
1248.694986	1186
1249.424037	1193
1250.163075	1185
1250.902113	1189
1251.641151	1193
1252.370202	1186
1253.10924	1192
1253.848278	1191
1254.577329	1189
1255.316367	1189
1256.055405	1190
1256.794443	1188
1257.523494	1189
1258.262532	1194
1258.991583	1191
1259.730621	1186
1260.469659	1194
1261.208697	1194
1261.937748	1193
1262.676786	1193
1263.405837	1193
1264.144875	1194
1264.883913	1193
1265.612964	1192
1266.352002	1197
1267.081053	1196
1267.820091	1193
1268.559129	1197
1269.28818	1194
1270.027218	1194
1270.756269	1193
1271.495307	1196
1272.224358	1197
1272.963396	1192
1273.692447	1199.96588971006
1274.431485	1200.42637862422
1275.160536	1199.27799886299
1275.899574	1203
1276.628625	1201
1277.367663	1194
1278.096714	1199
1278.835752	1204
1279.564803	1199
1280.303841	1207
1281.032892	1196
1281.77193	1200
1282.500981	1196
1283.230032	1203
1283.96907	1204
1284.698121	1207
1285.437159	1200
1286.16621	1201
1286.895261	1210
1287.634299	1204.18703808982
1288.36335	1211
1289.102388	1207
1289.831439	1209
1290.56049	1208
1291.299528	1206.71972711768
1292.028579	1210
1292.75763	1205
1293.496668	1210.31836270608
1294.225719	1208.97100625355
1294.95477	1213
1295.693808	1205
1296.422859	1210
1297.15191	1209
1298.48797250859	1207.15747583854
1298.619999	1207.59522455941
1299.34905	1209.50255827175
1300.078101	1209.62762933485
1300.817139	1209
1301.54619	1208
1302.275241	1212
1303.004292	1207
1303.74333	1203
1304.472381	1205
1305.201432	1208
1305.930483	1213
1306.659534	1203
1307.398572	1207
1308.127623	1204
1308.856674	1208
1309.585725	1209
1310.314776	1209
1311.053814	1211
1311.782865	1212
1312.511916	1212
1313.240967	1205
1313.970018	1210
1314.699069	1205
1315.42812	1207.09494030699
1316.157171	1210
1316.886222	1212
1317.615273	1204
1318.354311	1206
1319.083362	1203
1319.812413	1207
1320.541464	1207.65776009096
1321.270515	1208
1321.999566	1208
1322.728617	1211
1323.457668	1213
1324.186719	1203.15520181922
1324.91577	1205
1325.644821	1209
1326.373872	1203
1327.102923	1199
1327.831974	1202
1328.561025	1208
1329.290076	1202
1330.019127	1197
1330.748178	1197
1331.477229	1195
1332.20628	1196
1332.935331	1192
1333.664382	1195
1334.393433	1194
1335.122484	1192
1335.841548	1194
1336.570599	1193
1337.29965	1189
1338.028701	1194
1338.757752	1181
1339.486803	1186
1340.215854	1187
1340.944905	1184
1341.673956	1186
1342.39302	1188
1343.122071	1181
1343.851122	1186
1344.580173	1184
1345.309224	1180
1346.038275	1181
1346.757339	1180
1347.48639	1181
1348.215441	1182
1348.944492	1181
1349.673543	1174
1350.392607	1180
1351.121658	1173
1351.850709	1173
1352.57976	1176
1353.298824	1173
1354.027875	1179
1354.756926	1173
1355.485977	1173
1356.205041	1172
1356.934092	1173
1357.663143	1178
1358.382207	1177
1359.111258	1173.10687890847
1359.840309	1176
1360.559373	1173
1361.288424	1169
1362.017475	1170
1362.736539	1172
1363.46559	1171
1364.194641	1173
1364.913705	1173
1365.642756	1175
1366.371807	1176
1367.090871	1170
1367.819922	1172
1368.538986	1171
1369.268037	1172
1369.987101	1172
1370.716152	1173
1371.445203	1171
1372.164267	1173
1372.893318	1170
1373.612382	1170
1374.341433	1171
1375.060497	1169
1375.789548	1165
1376.508612	1167
1377.237663	1173
1377.956727	1171
1378.685778	1168
1379.404842	1172
1380.133893	1165
1380.852957	1168
1381.582008	1168.88573052871
1382.301072	1171
1383.030123	1172
1383.749187	1169
1383.52806414662	1166.82205798749
1385.197302	1164
1385.916366	1171
1386.645417	1165.03979533826
1387.364481	1170
1388.093532	1167
1388.812596	1169
1389.541647	1170
1390.260711	1172
1390.979775	1171
1391.708826	1172
1392.42789	1170
1393.146954	1172
1393.876005	1166.91586128482
1394.595069	1172
1395.314133	1165
1396.043184	1170
1396.762248	1165
1397.481312	1168.6355884025
1398.210363	1172.11483797612
1398.929427	1174.84366117112
1399.648491	1172.13757816941
1400.367555	1174.50255827175
1401.096606	1170
1401.81567	1172
1402.534734	1170
1403.263785	1167
1403.982849	1172
1404.701913	1168
1405.420977	1169
1406.150028	1173
1406.869092	1172.13757816941
1407.588156	1173
1408.30722	1169
1409.026284	1176
1409.755335	1174
1410.474399	1171
1411.193463	1167
1411.912527	1170
1412.631591	1168
1413.350655	1173
1414.079706	1175
1414.79877	1174
1415.517834	1165
1416.236898	1168.5105173394
1416.955962	1168
1417.675026	1169
1418.39409	1173
1419.123141	1165
1419.842205	1170
1420.561269	1169
1421.280333	1170
1421.999397	1165
1422.718461	1169
1423.437525	1171.637293917
1424.156589	1173
1424.875653	1173
1425.594717	1173
1426.313781	1168
1427.032845	1165
1427.751909	1170
1428.470973	1174.50255827175
1429.190037	1172.88800454804
1429.909101	1172.10631040364
1430.628165	1170.60545764639
1431.347229	1172
1432.066293	1174
1432.785357	1168
1433.504421	1168
1434.223485	1170
1434.942549	1176
1435.661613	1175
1436.380677	1172
1437.099741	1176
1437.818805	1172
1438.527882	1173
1439.246946	1175
1439.96601	1172
1440.685074	1173
1441.404138	1172
1442.123202	1173
1442.842266	1173
1443.56133	1167
1444.280394	1168
1444.989471	1174
1445.708535	1173
1446.427599	1173
1447.146663	1172
1447.865727	1170.8555997726
1448.584791	1172
1449.293868	1171
1450.012932	1175
1450.731996	1172
1451.45106	1172.57532689028
1452.160137	1175
1452.879201	1172
1453.598265	1172
1454.317329	1168
1455.026406	1177
1455.74547	1173
1456.464534	1170
1457.183598	1174
1457.892675	1172
1458.611739	1175
1459.330803	1179
1460.03988	1177
1460.758944	1177
1461.478008	1175.07674815236
1462.197072	1180
1462.906149	1173
1463.625213	1173
1464.344277	1177
1465.053354	1173
1465.772418	1171
1466.491482	1174.32632177374
1467.200559	1171
1467.919623	1173.13814667425
1468.6287	1181
1469.347764	1172
1470.066828	1172
1470.775905	1178
1471.494969	1176
1472.204046	1172
1472.92311	1170
1473.642174	1173.54462762934
1474.351251	1178
1475.070315	1179
1475.779392	1175
1476.498456	1173
1477.207533	1173
1477.926597	1173
1478.635674	1171
1479.354738	1173
1480.063815	1177
1480.782879	1179
1481.491956	1172
1482.21102	1177
1482.920097	1176.42126208073
1483.639161	1178
1484.348238	1173
1485.067302	1180
1485.776379	1177
1486.485456	1173
1487.20452	1173
1487.913597	1177
1488.632661	1174
1489.341738	1176.13985218874
1490.060802	1178
1490.769879	1175
1491.478956	1177
1492.19802	1173
1492.907097	1180
1493.616174	1175.85844229676
1494.335238	1179
1495.044315	1176
1495.763379	1179
1496.472456	1173
1497.181533	1177
1497.900597	1175
1498.609674	1178
1499.318751	1176
1500.027828	1178
1500.746892	1177
1501.455969	1173
1502.165046	1175
1502.88411	1179
1503.593187	1180
1504.302264	1179.67310972143
1505.011341	1180
1505.730405	1180
1506.439482	1178
1507.148559	1181
1507.857636	1175
1508.5767	1181
1509.285777	1180
1509.994854	1179
1510.703931	1183
1511.413008	1183
1512.132072	1181
1512.841149	1174
1513.550226	1181
1514.259303	1177
1514.96838	1181
1512.92096219931	1178.51620238772
1516.396521	1177.64070494599
1517.105598	1184
1517.814675	1176
1518.523752	1178
1519.232829	1181
1519.941906	1184
1520.650983	1183
1521.370047	1181
1522.079124	1181
1522.788201	1180
1523.497278	1186
1524.206355	1178
1524.915432	1189
1525.624509	1186
1526.333586	1189
1527.042663	1181
1527.75174	1181
1528.460817	1183
1529.169894	1181
1529.878971	1185
1530.588048	1187
1531.297125	1181
1532.006202	1188
1532.715279	1187
1533.424356	1187
1534.133433	1189
1534.84251	1188
1535.551587	1180
1536.260664	1185
1536.969741	1189
1537.678818	1192
1538.387895	1192
1539.096972	1189
1539.806049	1192
1540.515126	1181
1541.214216	1183
1541.923293	1186
1542.63237	1190.74189880614
1543.341447	1192.92211483798
1544.050524	1193.9454235361
1544.759601	1191.93007390563
1545.468678	1195
1546.177755	1190
1546.876845	1187
1547.585922	1189
1548.294999	1189
1549.004076	1188
1549.713153	1192
1550.42223	1191
1551.12132	1191
1551.830397	1196
1552.539474	1197
1553.248551	1196
1553.957628	1197
1554.656718	1197
1555.365795	1196
1556.074872	1189
1556.783949	1196
1557.483039	1197
1558.192116	1202
1558.901193	1196
1559.61027	1197
1560.30936	1201
1561.018437	1198
1561.727514	1205
1562.426604	1199.40306992609
1563.135681	1204
1563.844758	1201
1564.553835	1200
1565.252925	1202
1565.962002	1197
1566.671079	1205
1567.370169	1205
1568.079246	1204
1568.778336	1200
1569.487413	1197
1570.19649	1208
1570.89558	1209
1571.604657	1210
1572.313734	1208
1573.012824	1208
1573.721901	1210
1574.420991	1212
1575.130068	1209
1575.829158	1216
1576.538235	1217.22569641842
1577.237325	1213
1577.946402	1217
1578.655479	1213
1579.354569	1213
1580.063646	1213
1580.762736	1218
1581.471813	1216
1582.170903	1213
1582.87998	1221
1583.57907	1213
1584.288147	1221
1584.987237	1223
1585.696314	1224
1586.395404	1218
1587.094494	1219
1587.803571	1215
1588.502661	1225
1589.211738	1220
1589.910828	1222
1590.619905	1219
1591.318995	1216
1592.018085	1223
1592.727162	1224
1593.426252	1223
1594.135329	1224
1594.834419	1227
1595.533509	1228
1596.242586	1234
1596.941676	1233
1597.640766	1233
1598.349843	1225
1599.048933	1223
1599.748023	1227
1600.4571	1228
1601.15619	1232
1601.85528	1228
1602.564357	1227
1603.263447	1225
1603.962537	1225
1604.661627	1221
1605.370704	1226
1606.069794	1233
1606.768884	1228
1607.477961	1227.76293348493
1608.177051	1226
1607.49140893471	1224.04206935759
1609.575231	1221
1610.274321	1232
1610.983398	1225.57418988061
1611.682488	1224
1612.381578	1228.26321773735
1613.080668	1222
1613.779758	1223
1614.488835	1228
1615.187925	1226
1615.887015	1226
1616.586105	1222
1617.285195	1226
1617.994272	1226
1617.02176403207	1223.41671404207
1619.392452	1219
1620.091542	1226
1620.790632	1227
1621.489722	1217
1622.188812	1219.10176236498
1622.887902	1220
1623.596979	1223
1624.296069	1220
1624.995159	1225
1625.694249	1218.06992609437
1626.393339	1218
1627.092429	1220
1627.791519	1218
1628.490609	1212
1629.189699	1220
1629.888789	1218
1630.587879	1217
1631.286969	1220
1631.986059	1216
1632.685149	1213
1633.384239	1219
1634.083329	1212
1634.782419	1213
1635.481509	1217
1636.180599	1215
1636.879689	1213
1637.578779	1213
1638.277869	1213
1638.976959	1217
1639.676049	1211
1640.375139	1215
1641.074229	1212
1641.773319	1215.4349061967
1642.472409	1213
1643.171499	1210
1643.860602	1215
1644.559692	1213
1645.258782	1208
1645.957872	1207
1646.656962	1213
1647.356052	1208
1648.055142	1211.66003411029
1648.744245	1210.06537805571
1649.443335	1208
1650.142425	1210
1650.841515	1207
1651.540605	1212
1652.239695	1202
1652.928798	1205
1653.627888	1205
1654.326978	1208
1655.026068	1205
1655.725158	1207
1656.414261	1208
1657.113351	1201
1657.812441	1202
1658.511531	1211
1659.200634	1200
1659.899724	1207
1660.598814	1197
1661.297904	1201
1661.987007	1199
1662.686097	1198
1663.385187	1202
1664.07429	1200
1664.77338	1203
1665.47247	1197
1666.161573	1207
1666.860663	1204.2183058556
1667.559753	1207.24843661171
1668.248856	1201
1668.947946	1205
1669.647036	1194
1670.336139	1197
1671.035229	1203
1671.734319	1200
1672.423422	1196
1673.122512	1199
1673.821602	1194
1674.510705	1196
1675.209795	1201
1675.898898	1191
1676.597988	1202
1677.287091	1203
1677.986181	1193
1678.675284	1197
1679.374374	1196
1680.073464	1194
1680.762567	1196
1681.461657	1197
1682.15076	1191
1682.84985	1194
1683.538953	1200
1684.238043	1194
1684.927146	1197
1685.626236	1195
1686.315339	1195
1687.004442	1190
1687.703532	1191
1688.392635	1197
1689.091725	1197
1689.780828	1193
1690.479918	1192.05514496873
1691.169021	1195
1691.868111	1193
1692.557214	1191
1693.246317	1189
1693.945407	1195
1694.63451	1193
1695.3336	1191.99260943718
1696.022703	1194.62762933485
1696.711806	1191
1697.410896	1192
1698.099999	1190
1698.799089	1193
1699.488192	1195
1702.0618556701	1189.11597498579
1700.876385	1193
1701.565488	1192
1702.254591	1185
1702.953681	1186.4894826606
1703.642784	1188
1704.331887	1189
1705.02099	1187
1705.72008	1189
1706.409183	1186
1707.098286	1187
1707.797376	1192
1708.486479	1182
1709.175582	1189
1709.94272623139	1188.17794201251
1710.563775	1185
1711.252878	1189
1711.941981	1188
1712.631084	1183
1713.330174	1189.30358158044
1714.019277	1186
1714.70838	1187.30244457078
1715.397483	1189
1716.086586	1191
1716.775689	1189
1717.474779	1183
1718.163882	1189
1718.852985	1191
1719.542088	1181
1720.231191	1189
1720.920294	1182
1721.609397	1184
1722.308487	1184.64468447982
1722.99759	1181
1723.686693	1181
1724.375796	1186
1725.064899	1185
1725.754002	1188
1726.443105	1187
1727.132208	1182.86242183059
1727.821311	1184
1728.520401	1185
1729.209504	1185
1729.898607	1186.70835702103
1730.58771	1186
1731.276813	1188
1731.965916	1184
1732.655019	1184
1733.344122	1185
1734.033225	1189
1734.722328	1179
1735.411431	1181
1736.100534	1189
1736.789637	1188
1737.47874	1186
1738.167843	1179
1738.856946	1186
1739.546049	1185.5827174531
1740.235152	1179
1740.914268	1184
1741.603371	1185.86412734508
1742.292474	1181
1742.981577	1183
1743.67068	1179
1744.359783	1185
1745.048886	1180
1745.737989	1189
1746.427092	1187
1747.116195	1181
1747.795311	1184.1444002274
1748.484414	1186
1749.173517	1188
1749.86262	1187
1750.551723	1188
1751.240826	1186
1751.929929	1188
1752.609045	1186
1753.298148	1185.08243320068
1753.987251	1185
1754.676354	1185
1755.365457	1182.23706651507
1756.05456	1184.05059693007
1756.733676	1181.48664013644
1757.422779	1186
1758.111882	1187
1758.800985	1187.70892552587
1759.480101	1184
1760.169204	1181.70551449687
1760.858307	1183.67538374076
1761.54741	1182.33086981239
1762.226526	1181
1762.915629	1184
1763.604732	1189
1764.293835	1186
1764.972951	1184
1765.662054	1184.67595224559
1766.351157	1186.52075042638
1767.030273	1186
1767.719376	1184.86355884025
1768.408479	1186
1769.087595	1189
1769.776698	1186.30187606595
1770.465801	1189.52245594088
1771.144917	1183
1771.83402	1181
1772.523123	1185
1773.202239	1183
1773.891342	1184
1774.570458	1185
1775.259561	1180.14212620807
1775.938677	1189
1776.62778	1183.73791927231
1777.316883	1187.45878339966
1777.995999	1188
1778.685102	1184
1779.364218	1188
1780.053321	1186
1780.742424	1182
1781.42154	1186
1782.110643	1184
1782.789759	1186.30187606595
1783.478862	1184
1784.157978	1188
1784.847081	1181
1785.526197	1186
1786.2153	1189
1786.894416	1185.30130756111
1787.583519	1182.51847640705
1788.262635	1189.8521887436
1788.951738	1188
1789.630854	1185.33257532689
1788.75143184422	1186.77089255259
1790.999073	1184.76975554292
1791.678189	1188.14667424673
1792.367292	1181
1793.046408	1184
1793.735511	1181
1794.414627	1188
1795.10373	1184
1795.782846	1189
1796.461962	1183.86299033542
1797.151065	1183
1797.830181	1189
1798.509297	1184
1799.1984	1189
1799.877516	1188
1800.566619	1184
1801.245735	1184
1801.924851	1186
1802.613954	1187
1803.29307	1181
1803.972186	1183
1804.651302	1186
1805.340405	1188
1806.019521	1180
1806.698637	1180
1807.38774	1184
1808.066856	1181
1808.745972	1182
1809.425088	1184
